# The odd number columns correspond to the lower and the even number 
# columns to the upper boundaries of the inclusion zones.
# values are given in Microns.
#
# For the first t
#     
#    #O2           #02         H_20      H_20     H_20         H_20        H_20       CO2        H2O            O2
0.680 0.690 0.757 0.770 0.910 0.920 0.935 0.945 1.110 1.120 1.310 1.320 1.480 1.490 2.005 2.015 1.760 1.770 1.260 1.270
0.682 0.692 0.760 0.770 0.900 0.910 0.930 0.940 1.115 1.125 1.315 1.325 1.475 1.485 2.010 2.020 1.770 1.780 1.265 1.275
0.684 0.694 0.765 0.775 0.905 0.915 0.935 0.945 1.120 1.130 1.320 1.330 1.470 1.480 2.015 2.025 1.780 1.790 1.270 1.280
0.686 0.696 0.810 0.815 0.915 0.925 0.950 0.960 1.150 1.160 1.330 1.340 1.465 1.475 2.050 2.060 1.790 1.800 1.275 1.285
0.688 0.698 0.815 0.820 0.920 0.930 0.945 0.955 1.145 1.155 1.335 1.345 1.460 1.470 1.605 1.615 1.950 1.960 1.255 1.265
0.720 0.730 0.820 0.825 0.890 0.895 0.945 0.955 1.155 1.165 1.340 1.350 1.455 1.465 1.605 1.615 1.955 1.965 1.255 1.265
0.730 0.740 0.825 0.830 0.820 0.830 0.945 0.955 1.135 1.145 1.340 1.350 1.450 1.460 1.575 1.585 1.950 1.960 1.255 1.265

